NA
0
7
7
16
16
12
14
20
15
21
19
31
28
29
39
46
49
41
58
63
67
79
80
102
114
118
127
146
137
191
227
220
259
283
310
383
387
440
456
596
599
672
721
783
921
952
1133
1250
1387
1468
1650
1822
2116
2324
2542
2820
3088
3452
3849
4233
4569
5019
5238
5468
5574
5642
5379
5117
4952
4852
4739
4665
4398
4392
4307
4280
4158
4034
3989
3734
3790
3696
3612
3627
3517
3452
3301
3203
3241
3171
3020
3023
3037
3073
3124
3315
3436
3371
3482
3514
3458
3583
3564
3662
3781
3783
4019
3840
4016
3968
4115
4147
4262
4373
4287
4404
4398
4428
4472
4558
4699
4661
4667
4581
4773
4766
4750
4963
4825
4892
4958
5026
5157
4954
4845
5289
5030
5156
5177
5162
5297
5229
5174
5214
5244
5308
5221
5079
5356
5254
5431
5127
5133
5278
5208
5193
5131
5177
5086
5225
4997
4959
5249
4950
5101
4834
4978
5032
4927
4920
4876
4737
4824
4705
4684
4534
4512
4523
4366
4606
4303
4443
4271
4287
4210
4177
4129
4137
3981
4022
3922
3900
3814
3842
3658
3673
3642
3545
3486
3485
3278
3276
3245
3198
3162
3081
3091
3008
3057
2824
2826
2731
2667
2602
2631
2501
2530
2438
2404
2403
2211
2229
2174
2162
2104
2100
2017
1932
1971
1834
1863
1831
1778
1737
1741
1640
1605
1625
1558
1550
1482
1483
1449
1349
1375
1334
1309
1232
1197
1165
1219
1107
1143
1008
1077
1058
980
965
922
937
905
909
811
848
777
838
771
750
760
726
711
688
632
633
613
603
573
583
537
598
521
476
504
466
449
435
424
435
466
400
385
350
392
335
373
325
344
319
311
NA
