1.99994
1.999903
1.999881
1.999867
1.999855
1.999835
1.999814
1.999795
1.999759
1.999733
1.999704
1.999671
1.999629
1.999574
1.999525
1.999484
1.999424
1.999339
1.999268
1.999172
1.999093
1.998998
1.998902
1.998771
1.998626
1.998461
1.998265
1.998049
1.997848
1.997585
1.997314
1.996986
1.996643
1.996279
1.995846
1.995364
1.994807
1.994195
1.993508
1.992721
1.991934
1.991043
1.990077
1.988971
1.987781
1.986477
1.984935
1.983326
1.981596
1.979548
1.977264
1.974768
1.972007
1.969047
1.965611
1.961811
1.957679
1.953038
1.947921
1.94231
1.936198
1.764461
1.593816
1.424401
1.256125
1.089101
0.9233608
0.7587
0.75696
0.7552368
0.7535624
0.7518428
0.7501648
0.7485704
0.7469624
0.7453836
0.743862
0.7423816
0.740892
0.7394768
0.7380812
0.7366632
0.7353092
0.7340264
0.7327176
0.731456
0.7302436
0.729028
0.7278684
0.726704
0.7255452
0.769627
0.8135037
0.8572178
0.9007165
0.9439663
0.9869673
1.029752
1.027632
1.025459
1.023181
1.021022
1.018817
1.016545
1.014299
1.012025
1.009675
1.007324
1.004923
1.002479
0.999998
0.997506
0.9949145
0.9923678
0.9897228
0.9871577
0.9844937
0.9818642
0.9792009
0.9764322
0.9737671
0.9709985
0.9682281
0.9654721
0.9626661
0.9597934
0.9569938
0.9541314
0.9512662
0.9483624
0.9455041
0.9425187
0.9395695
0.9366531
0.9336712
0.9306421
0.927621
0.9246305
0.921606
0.918643
0.9156179
0.9126187
0.9095706
0.906476
0.9035027
0.900523
0.8974985
0.8944251
0.8913868
0.8883911
0.8853827
0.8824364
0.879413
0.8763598
0.8734463
0.870527
0.8675542
0.8646286
0.8616869
0.8588338
0.8559576
0.8530499
0.8501939
0.8473867
0.8445531
0.8417557
0.8388819
0.8360345
0.8332641
0.830526
0.8278499
0.8251716
0.8225156
0.8198735
0.8173464
0.8148129
0.8122375
0.809761
0.8071988
0.804701
0.8022848
0.799806
0.7974767
0.7950749
0.7927479
0.7904991
0.7883244
0.7860969
0.7838734
0.7816188
0.7794924
0.7772769
0.7751983
0.7731266
0.7710859
0.7690889
0.7671397
0.7652462
0.7633102
0.7614851
0.7597072
0.7579069
0.7561865
0.7543937
0.7527492
0.751065
0.7494032
0.7477685
0.7461786
0.7446566
0.7431375
0.7416614
0.7402251
0.7388554
0.7374162
0.7360632
0.7346982
0.7334073
0.732167
0.7309331
0.7296721
0.7285031
0.72736
0.7262928
0.7251659
0.7240866
0.7230067
0.7219343
0.7208649
0.7198758
0.7188811
0.7179128
0.7169583
0.7160343
0.7151419
0.7142506
0.713376
0.7125331
0.7117258
0.7108794
0.7101175
0.7093338
0.7085938
0.7078514
0.7071304
0.7064381
0.7057596
0.7050943
0.7044658
0.70385
0.7032325
0.7026558
0.7020738
0.7015023
0.7009618
0.7004242
0.6998963
0.6993851
0.6989275
0.698437
0.697966
0.6974871
0.6970305
0.6966056
0.6961669
0.6957425
0.6953492
0.6949801
0.6946115
0.6942263
0.6938663
0.6935184
0.693193
0.6928687
0.6925444
0.6922419
0.6919285
0.6916364
0.6913392
0.6910505
0.6907872
0.6905221
0.6902415
0.6900155
0.6897729
0.6895314
0.6892887
0.6890777
0.6888828
0.6886798
0.6884912
0.688294
0.688099
0.6879185
0.6877247
0.6875499
0.6873676
0.687198
0.6870301
0.6868777
0
